   4 1 7 | 3 6 9 | 8 2 5 
   6 3 2 | 1 5 8 | 9 4 7 
   9 5 8 | 7 2 4 | 3 1 6 
   ------+-------+------
   8 2 5 | 4 3 7 | 1 6 9 
   7 9 1 | 5 8 6 | 4 3 2 
   3 4 6 | 9 1 2 | 7 5 8 
   ------+-------+------
   2 8 9 | 6 4 3 | 5 7 1 
   5 7 3 | 2 9 1 | 6 8 4 
   1 6 4 | 8 7 5 | 2 9 3
12.561202764511108


   5 2 7 | 3 1 6 | 4 8 9 
   8 9 6 | 5 4 2 | 7 3 1 
   3 1 4 | 9 8 7 | 5 6 2 
   ------+-------+------
   1 7 2 | 4 5 3 | 8 9 6 
   6 8 9 | 2 7 1 | 3 5 4 
   4 5 3 | 6 9 8 | 2 1 7 
   ------+-------+------
   9 4 1 | 8 2 5 | 6 7 3 
   7 6 5 | 1 3 4 | 9 2 8 
   2 3 8 | 7 6 9 | 1 4 5
20.181145668029785


   6 1 7 | 4 5 9 | 8 2 3 
   2 4 8 | 7 3 6 | 9 1 5 
   5 3 9 | 1 2 8 | 4 6 7 
   ------+-------+------
   9 8 2 | 5 6 4 | 3 7 1 
   3 7 4 | 2 9 1 | 5 8 6 
   1 5 6 | 8 7 3 | 2 9 4 
   ------+-------+------
   8 2 3 | 6 4 7 | 1 5 9 
   7 9 1 | 3 8 5 | 6 4 2 
   4 6 5 | 9 1 2 | 7 3 8
8.473684310913086


   4 8 7 | 3 1 2 | 6 9 5 
   5 9 3 | 6 8 4 | 2 7 1 
   1 2 6 | 5 9 7 | 3 8 4 
   ------+-------+------
   7 3 5 | 8 4 9 | 1 6 2 
   9 1 4 | 2 6 5 | 8 3 7 
   2 6 8 | 7 3 1 | 5 4 9 
   ------+-------+------
   8 5 1 | 4 7 6 | 9 2 3 
   3 7 9 | 1 2 8 | 4 5 6 
   6 4 2 | 9 5 3 | 7 1 8
23.07469391822815


   9 6 2 | 3 1 4 | 8 5 7 
   1 3 4 | 5 8 7 | 2 6 9 
   5 7 8 | 2 9 6 | 4 1 3 
   ------+-------+------
   8 4 7 | 9 6 2 | 5 3 1 
   6 5 1 | 8 7 3 | 9 4 2 
   3 2 9 | 1 4 5 | 7 8 6 
   ------+-------+------
   2 8 5 | 6 3 9 | 1 7 4 
   7 9 3 | 4 5 1 | 6 2 8 
   4 1 6 | 7 2 8 | 3 9 5
69.63068127632141


   4 1 6 | 8 3 7 | 5 2 9 
   9 8 2 | 4 6 5 | 3 7 1 
   7 3 5 | 1 2 9 | 4 6 8 
   ------+-------+------
   5 7 1 | 2 9 8 | 6 4 3 
   2 9 3 | 7 4 6 | 1 8 5 
   8 6 4 | 3 5 1 | 2 9 7 
   ------+-------+------
   6 4 7 | 9 1 3 | 8 5 2 
   3 5 9 | 6 8 2 | 7 1 4 
   1 2 8 | 5 7 4 | 9 3 6
136.1978189945221


   6 8 2 | 1 5 4 | 3 7 9 
   9 5 1 | 7 6 3 | 8 4 2 
   3 7 4 | 8 9 2 | 1 6 5 
   ------+-------+------
   4 3 7 | 5 2 8 | 9 1 6 
   8 1 6 | 9 3 7 | 2 5 4 
   2 9 5 | 4 1 6 | 7 3 8 
   ------+-------+------
   5 6 8 | 2 7 1 | 4 9 3 
   7 2 9 | 3 4 5 | 6 8 1 
   1 4 3 | 6 8 9 | 5 2 7
104.50373601913452


   6 5 2 | 4 8 1 | 9 3 7 
   8 3 4 | 6 7 9 | 1 5 2 
   9 7 1 | 3 2 5 | 8 6 4 
   ------+-------+------
   4 6 7 | 8 1 2 | 5 9 3 
   3 1 5 | 7 9 4 | 6 2 8 
   2 9 8 | 5 6 3 | 4 7 1 
   ------+-------+------
   1 8 6 | 9 3 7 | 2 4 5 
   5 2 3 | 1 4 6 | 7 8 9 
   7 4 9 | 2 5 8 | 3 1 6
0.6959855556488037


   6 8 2 | 1 5 3 | 4 7 9 
   9 5 1 | 7 6 4 | 8 3 2 
   3 7 4 | 8 9 2 | 1 6 5 
   ------+-------+------
   4 3 7 | 5 2 8 | 9 1 6 
   8 1 6 | 9 4 7 | 2 5 3 
   2 9 5 | 3 1 6 | 7 4 8 
   ------+-------+------
   5 6 8 | 2 7 1 | 3 9 4 
   7 2 9 | 4 3 5 | 6 8 1 
   1 4 3 | 6 8 9 | 5 2 7
63.813395977020264


   7 9 2 | 3 5 1 | 6 4 8 
   5 4 3 | 7 8 6 | 1 2 9 
   6 8 1 | 4 2 9 | 5 3 7 
   ------+-------+------
   1 5 7 | 6 4 8 | 2 9 3 
   9 2 4 | 1 3 7 | 8 6 5 
   8 3 6 | 2 9 5 | 4 7 1 
   ------+-------+------
   3 6 8 | 5 7 2 | 9 1 4 
   4 1 9 | 8 6 3 | 7 5 2 
   2 7 5 | 9 1 4 | 3 8 6
6.0126612186431885


   6 1 4 | 3 8 2 | 5 7 9 
   9 5 3 | 7 6 4 | 8 1 2 
   8 2 7 | 5 9 1 | 4 3 6 
   ------+-------+------
   7 4 2 | 6 3 5 | 1 9 8 
   1 6 8 | 2 7 9 | 3 5 4 
   3 9 5 | 4 1 8 | 6 2 7 
   ------+-------+------
   2 8 6 | 1 5 7 | 9 4 3 
   5 7 9 | 8 4 3 | 2 6 1 
   4 3 1 | 9 2 6 | 7 8 5
82.16326141357422


   8 6 3 | 5 2 1 | 7 9 4 
   1 2 7 | 4 9 6 | 8 5 3 
   9 5 4 | 3 8 7 | 6 2 1 
   ------+-------+------
   6 4 5 | 8 3 9 | 1 7 2 
   7 3 9 | 1 4 2 | 5 6 8 
   2 8 1 | 7 6 5 | 4 3 9 
   ------+-------+------
   4 9 8 | 6 5 3 | 2 1 7 
   5 1 2 | 9 7 4 | 3 8 6 
   3 7 6 | 2 1 8 | 9 4 5
1.721557378768921


   1 3 5 | 4 2 6 | 9 8 7 
   8 4 6 | 9 5 7 | 3 2 1 
   9 2 7 | 3 8 1 | 4 6 5 
   ------+-------+------
   2 1 3 | 7 4 8 | 6 5 9 
   5 9 8 | 1 6 3 | 7 4 2 
   6 7 4 | 2 9 5 | 8 1 3 
   ------+-------+------
   3 5 1 | 6 7 4 | 2 9 8 
   4 8 2 | 5 3 9 | 1 7 6 
   7 6 9 | 8 1 2 | 5 3 4
1.3807635307312012


   3 5 6 | 8 7 1 | 2 9 4 
   9 7 2 | 6 4 3 | 8 5 1 
   8 4 1 | 9 5 2 | 7 3 6 
   ------+-------+------
   2 1 3 | 4 6 5 | 9 8 7 
   7 9 4 | 3 1 8 | 6 2 5 
   6 8 5 | 2 9 7 | 4 1 3 
   ------+-------+------
   1 2 8 | 7 3 6 | 5 4 9 
   5 6 9 | 1 8 4 | 3 7 2 
   4 3 7 | 5 2 9 | 1 6 8
6.851166486740112


   1 2 9 | 5 7 6 | 3 4 8 
   3 7 6 | 4 2 8 | 5 1 9 
   5 8 4 | 3 9 1 | 6 2 7 
   ------+-------+------
   2 9 3 | 8 1 5 | 7 6 4 
   4 1 7 | 2 6 3 | 8 9 5 
   8 6 5 | 7 4 9 | 1 3 2 
   ------+-------+------
   9 5 8 | 6 3 2 | 4 7 1 
   7 3 1 | 9 8 4 | 2 5 6 
   6 4 2 | 1 5 7 | 9 8 3
2.060401201248169


   6 1 5 | 3 8 2 | 4 7 9 
   9 4 3 | 7 6 5 | 8 1 2 
   8 2 7 | 4 9 1 | 5 3 6 
   ------+-------+------
   7 5 2 | 6 3 4 | 1 9 8 
   1 6 8 | 2 7 9 | 3 5 4 
   3 9 4 | 5 1 8 | 6 2 7 
   ------+-------+------
   2 8 6 | 1 5 7 | 9 4 3 
   5 7 9 | 8 4 3 | 2 6 1 
   4 3 1 | 9 2 6 | 7 8 5
32.40219855308533


   7 1 8 | 4 3 5 | 6 9 2 
   9 6 3 | 2 7 8 | 5 4 1 
   2 5 4 | 9 6 1 | 3 7 8 
   ------+-------+------
   5 4 7 | 6 1 2 | 8 3 9 
   1 9 2 | 3 8 7 | 4 5 6 
   3 8 6 | 5 4 9 | 1 2 7 
   ------+-------+------
   6 7 5 | 8 9 3 | 2 1 4 
   4 2 1 | 7 5 6 | 9 8 3 
   8 3 9 | 1 2 4 | 7 6 5
0.04792642593383789


   4 5 8 | 2 7 6 | 9 3 1 
   6 2 3 | 8 9 1 | 4 7 5 
   1 9 7 | 5 3 4 | 2 8 6 
   ------+-------+------
   3 7 1 | 4 5 2 | 6 9 8 
   2 6 9 | 7 8 3 | 1 5 4 
   8 4 5 | 1 6 9 | 3 2 7 
   ------+-------+------
   7 1 2 | 9 4 8 | 5 6 3 
   9 8 6 | 3 1 5 | 7 4 2 
   5 3 4 | 6 2 7 | 8 1 9
213.26671719551086


   1 2 3 | 7 5 9 | 4 8 6 
   8 7 4 | 2 6 1 | 5 9 3 
   9 6 5 | 3 8 4 | 7 2 1 
   ------+-------+------
   2 1 6 | 5 4 3 | 9 7 8 
   3 5 7 | 8 9 6 | 1 4 2 
   4 9 8 | 1 2 7 | 3 6 5 
   ------+-------+------
   5 3 2 | 4 7 8 | 6 1 9 
   6 4 1 | 9 3 2 | 8 5 7 
   7 8 9 | 6 1 5 | 2 3 4
1.3843445777893066


   5 1 8 | 4 7 6 | 2 3 9 
   4 2 7 | 3 5 9 | 6 1 8 
   9 6 3 | 8 2 1 | 5 7 4 
   ------+-------+------
   7 9 5 | 2 4 8 | 3 6 1 
   8 3 2 | 6 1 7 | 9 4 5 
   1 4 6 | 9 3 5 | 8 2 7 
   ------+-------+------
   3 7 9 | 5 6 4 | 1 8 2 
   6 5 1 | 7 8 2 | 4 9 3 
   2 8 4 | 1 9 3 | 7 5 6
0.8290114402770996


   4 9 8 | 7 1 6 | 5 2 3 
   2 5 7 | 8 3 9 | 4 6 1 
   1 3 6 | 4 2 5 | 9 8 7 
   ------+-------+------
   9 7 1 | 3 8 2 | 6 5 4 
   6 8 4 | 1 5 7 | 3 9 2 
   5 2 3 | 6 9 4 | 7 1 8 
   ------+-------+------
   7 6 5 | 2 4 1 | 8 3 9 
   3 1 9 | 5 7 8 | 2 4 6 
   8 4 2 | 9 6 3 | 1 7 5
20.43658757209778


   1 3 2 | 4 7 9 | 6 5 8 
   8 4 7 | 5 6 3 | 2 9 1 
   9 5 6 | 2 8 1 | 3 4 7 
   ------+-------+------
   4 1 3 | 7 2 5 | 8 6 9 
   5 2 8 | 1 9 6 | 4 7 3 
   7 6 9 | 3 4 8 | 1 2 5 
   ------+-------+------
   2 7 1 | 8 5 4 | 9 3 6 
   3 9 4 | 6 1 7 | 5 8 2 
   6 8 5 | 9 3 2 | 7 1 4
1.0805325508117676


   4 1 7 | 3 6 9 | 8 2 5 
   6 3 8 | 1 2 5 | 9 4 7 
   9 5 2 | 7 4 8 | 3 1 6 
   ------+-------+------
   8 2 5 | 4 3 7 | 1 6 9 
   7 9 1 | 8 5 6 | 4 3 2 
   3 4 6 | 9 1 2 | 7 5 8 
   ------+-------+------
   2 8 4 | 6 9 3 | 5 7 1 
   5 7 3 | 2 8 1 | 6 9 4 
   1 6 9 | 5 7 4 | 2 8 3
34.460012674331665


   9 2 5 | 3 7 1 | 4 8 6 
   1 6 3 | 4 9 8 | 7 2 5 
   8 7 4 | 5 6 2 | 3 9 1 
   ------+-------+------
   5 4 2 | 6 8 9 | 1 3 7 
   6 1 8 | 7 5 3 | 9 4 2 
   7 3 9 | 1 2 4 | 6 5 8 
   ------+-------+------
   4 8 7 | 9 1 5 | 2 6 3 
   3 5 1 | 2 4 6 | 8 7 9 
   2 9 6 | 8 3 7 | 5 1 4
3.7520065307617188


   1 2 3 | 4 5 6 | 7 8 9 
   6 4 9 | 8 3 7 | 2 5 1 
   8 5 7 | 2 9 1 | 6 3 4 
   ------+-------+------
   2 7 4 | 5 1 8 | 9 6 3 
   3 9 8 | 6 7 2 | 4 1 5 
   5 6 1 | 9 4 3 | 8 2 7 
   ------+-------+------
   4 1 6 | 7 2 5 | 3 9 8 
   9 8 5 | 3 6 4 | 1 7 2 
   7 3 2 | 1 8 9 | 5 4 6
0.6994495391845703


   4 7 5 | 6 9 1 | 3 2 8 
   9 6 1 | 8 3 2 | 7 4 5 
   8 2 3 | 7 5 4 | 1 9 6 
   ------+-------+------
   2 5 9 | 1 4 3 | 6 8 7 
   3 4 7 | 5 8 6 | 2 1 9 
   6 1 8 | 9 2 7 | 5 3 4 
   ------+-------+------
   5 3 4 | 2 6 9 | 8 7 1 
   7 9 6 | 3 1 8 | 4 5 2 
   1 8 2 | 4 7 5 | 9 6 3
5.434584617614746


   3 4 9 | 5 2 6 | 8 7 1 
   5 2 1 | 8 9 7 | 6 4 3 
   8 7 6 | 4 1 3 | 5 2 9 
   ------+-------+------
   7 1 8 | 3 6 9 | 2 5 4 
   4 6 5 | 2 8 1 | 3 9 7 
   9 3 2 | 7 4 5 | 1 8 6 
   ------+-------+------
   6 5 4 | 1 7 8 | 9 3 2 
   1 8 7 | 9 3 2 | 4 6 5 
   2 9 3 | 6 5 4 | 7 1 8
8.022838592529297


   6 1 8 | 3 4 2 | 5 7 9 
   9 4 3 | 7 6 5 | 1 8 2 
   5 2 7 | 8 9 1 | 4 3 6 
   ------+-------+------
   7 5 2 | 6 3 4 | 8 9 1 
   8 6 1 | 2 7 9 | 3 5 4 
   3 9 4 | 5 1 8 | 6 2 7 
   ------+-------+------
   2 8 6 | 1 5 7 | 9 4 3 
   1 7 9 | 4 8 3 | 2 6 5 
   4 3 5 | 9 2 6 | 7 1 8
16.949532747268677


   9 4 7 | 5 8 2 | 3 6 1 
   8 6 3 | 4 7 1 | 9 5 2 
   1 5 2 | 6 3 9 | 7 8 4 
   ------+-------+------
   6 2 4 | 8 1 3 | 5 7 9 
   7 3 8 | 2 9 5 | 4 1 6 
   5 1 9 | 7 6 4 | 8 2 3 
   ------+-------+------
   2 8 5 | 9 4 6 | 1 3 7 
   3 9 6 | 1 5 7 | 2 4 8 
   4 7 1 | 3 2 8 | 6 9 5
0.16632652282714844


   2 5 4 | 3 7 9 | 8 6 1 
   7 6 1 | 2 4 8 | 5 9 3 
   8 9 3 | 5 1 6 | 7 4 2 
   ------+-------+------
   3 2 6 | 7 9 1 | 4 5 8 
   9 1 5 | 8 2 4 | 3 7 6 
   4 8 7 | 6 5 3 | 2 1 9 
   ------+-------+------
   5 3 8 | 1 6 7 | 9 2 4 
   1 4 2 | 9 8 5 | 6 3 7 
   6 7 9 | 4 3 2 | 1 8 5
15.716233253479004


   3 8 5 | 6 2 1 | 4 9 7 
   1 7 9 | 5 8 4 | 3 2 6 
   4 2 6 | 7 3 9 | 5 1 8 
   ------+-------+------
   7 6 2 | 3 9 5 | 8 4 1 
   5 3 4 | 8 1 2 | 7 6 9 
   8 9 1 | 4 7 6 | 2 5 3 
   ------+-------+------
   9 1 7 | 2 5 3 | 6 8 4 
   2 4 3 | 1 6 8 | 9 7 5 
   6 5 8 | 9 4 7 | 1 3 2
4.257579803466797


   8 3 6 | 5 2 1 | 9 4 7 
   1 4 2 | 3 7 9 | 5 8 6 
   9 7 5 | 6 4 8 | 3 2 1 
   ------+-------+------
   3 6 4 | 8 9 2 | 7 1 5 
   2 5 9 | 1 6 7 | 4 3 8 
   7 8 1 | 4 3 5 | 2 6 9 
   ------+-------+------
   5 9 8 | 2 1 4 | 6 7 3 
   4 1 3 | 7 5 6 | 8 9 2 
   6 2 7 | 9 8 3 | 1 5 4
1.3515851497650146


   4 2 7 | 5 9 3 | 1 8 6 
   3 1 5 | 8 6 2 | 4 7 9 
   9 6 8 | 1 7 4 | 3 2 5 
   ------+-------+------
   6 5 9 | 3 2 8 | 7 1 4 
   7 3 1 | 6 4 9 | 8 5 2 
   2 8 4 | 7 5 1 | 9 6 3 
   ------+-------+------
   5 9 3 | 2 8 7 | 6 4 1 
   8 4 2 | 9 1 6 | 5 3 7 
   1 7 6 | 4 3 5 | 2 9 8
1.0926015377044678


   7 8 1 | 9 4 2 | 3 6 5 
   3 2 4 | 5 7 6 | 9 1 8 
   6 5 9 | 8 3 1 | 7 2 4 
   ------+-------+------
   8 1 5 | 7 2 3 | 4 9 6 
   9 3 6 | 1 5 4 | 8 7 2 
   2 4 7 | 6 9 8 | 1 5 3 
   ------+-------+------
   5 7 8 | 3 6 9 | 2 4 1 
   1 6 2 | 4 8 7 | 5 3 9 
   4 9 3 | 2 1 5 | 6 8 7
3.2407259941101074


   7 4 8 | 3 9 2 | 1 6 5 
   3 6 9 | 5 1 4 | 7 2 8 
   1 2 5 | 8 7 6 | 9 4 3 
   ------+-------+------
   9 3 2 | 1 4 7 | 8 5 6 
   6 8 7 | 2 3 5 | 4 1 9 
   5 1 4 | 6 8 9 | 3 7 2 
   ------+-------+------
   8 5 3 | 4 6 1 | 2 9 7 
   4 7 6 | 9 2 3 | 5 8 1 
   2 9 1 | 7 5 8 | 6 3 4
2.6772923469543457


   4 1 7 | 3 6 9 | 5 2 8 
   8 3 9 | 1 2 5 | 7 4 6 
   6 5 2 | 7 4 8 | 3 1 9 
   ------+-------+------
   9 2 5 | 8 3 7 | 4 6 1 
   7 4 1 | 9 5 6 | 8 3 2 
   3 8 6 | 4 1 2 | 9 5 7 
   ------+-------+------
   2 9 4 | 6 8 3 | 1 7 5 
   5 7 3 | 2 9 1 | 6 8 4 
   1 6 8 | 5 7 4 | 2 9 3
0.433213472366333


   1 2 4 | 5 9 7 | 3 6 8 
   3 6 9 | 4 2 8 | 5 1 7 
   5 8 7 | 3 6 1 | 9 2 4 
   ------+-------+------
   2 9 3 | 8 1 5 | 7 4 6 
   4 1 6 | 2 7 3 | 8 9 5 
   8 7 5 | 9 4 6 | 1 3 2 
   ------+-------+------
   9 5 8 | 6 3 2 | 4 7 1 
   6 3 1 | 7 8 4 | 2 5 9 
   7 4 2 | 1 5 9 | 6 8 3
0.8972795009613037


   1 3 7 | 9 2 6 | 4 8 5 
   9 6 4 | 5 8 7 | 2 3 1 
   8 2 5 | 3 4 1 | 9 6 7 
   ------+-------+------
   2 4 1 | 8 9 5 | 6 7 3 
   6 7 3 | 4 1 2 | 5 9 8 
   5 8 9 | 6 7 3 | 1 4 2 
   ------+-------+------
   7 5 8 | 1 6 4 | 3 2 9 
   3 9 6 | 2 5 8 | 7 1 4 
   4 1 2 | 7 3 9 | 8 5 6
2.7730016708374023


   2 4 9 | 8 6 5 | 1 7 3 
   5 3 1 | 9 7 4 | 2 6 8 
   8 6 7 | 1 3 2 | 4 9 5 
   ------+-------+------
   4 2 3 | 7 8 6 | 5 1 9 
   9 8 6 | 2 5 1 | 3 4 7 
   7 1 5 | 3 4 9 | 8 2 6 
   ------+-------+------
   6 9 2 | 5 1 8 | 7 3 4 
   3 5 4 | 6 2 7 | 9 8 1 
   1 7 8 | 4 9 3 | 6 5 2
3.492831230163574


   3 5 1 | 8 4 6 | 7 2 9 
   2 8 7 | 3 1 9 | 6 4 5 
   6 9 4 | 7 2 5 | 1 8 3 
   ------+-------+------
   1 6 8 | 5 3 4 | 9 7 2 
   7 2 5 | 1 9 8 | 3 6 4 
   9 4 3 | 2 6 7 | 5 1 8 
   ------+-------+------
   5 1 6 | 4 8 3 | 2 9 7 
   8 3 2 | 9 7 1 | 4 5 6 
   4 7 9 | 6 5 2 | 8 3 1
2.082791805267334


   7 4 8 | 5 9 1 | 3 2 6 
   1 9 5 | 6 2 3 | 8 4 7 
   2 6 3 | 4 8 7 | 5 1 9 
   ------+-------+------
   4 2 1 | 9 3 6 | 7 5 8 
   3 5 6 | 8 7 4 | 2 9 1 
   9 8 7 | 1 5 2 | 6 3 4 
   ------+-------+------
   8 3 2 | 7 4 9 | 1 6 5 
   6 7 9 | 2 1 5 | 4 8 3 
   5 1 4 | 3 6 8 | 9 7 2
56.63863134384155


   7 2 3 | 4 6 9 | 8 5 1 
   6 5 1 | 2 3 8 | 7 9 4 
   8 9 4 | 7 1 5 | 6 3 2 
   ------+-------+------
   3 7 5 | 6 9 1 | 4 2 8 
   9 1 2 | 8 7 4 | 3 6 5 
   4 8 6 | 5 2 3 | 9 1 7 
   ------+-------+------
   2 4 8 | 3 5 6 | 1 7 9 
   1 3 7 | 9 8 2 | 5 4 6 
   5 6 9 | 1 4 7 | 2 8 3
11.437148809432983


   9 4 7 | 6 2 8 | 3 5 1 
   8 6 3 | 7 5 1 | 4 9 2 
   1 2 5 | 3 4 9 | 6 7 8 
   ------+-------+------
   7 3 4 | 8 9 5 | 1 2 6 
   5 8 9 | 1 6 2 | 7 3 4 
   6 1 2 | 4 7 3 | 9 8 5 
   ------+-------+------
   4 7 8 | 2 3 6 | 5 1 9 
   2 5 6 | 9 1 7 | 8 4 3 
   3 9 1 | 5 8 4 | 2 6 7
0.8001058101654053


   1 3 2 | 4 6 7 | 8 9 5 
   9 5 7 | 3 8 1 | 2 4 6 
   8 6 4 | 5 2 9 | 7 3 1 
   ------+-------+------
   4 2 9 | 6 7 3 | 1 5 8 
   5 7 8 | 9 1 2 | 3 6 4 
   6 1 3 | 8 5 4 | 9 7 2 
   ------+-------+------
   3 8 5 | 2 9 6 | 4 1 7 
   2 4 1 | 7 3 5 | 6 8 9 
   7 9 6 | 1 4 8 | 5 2 3
0.4675297737121582


   1 4 3 | 5 8 7 | 9 6 2 
   8 5 2 | 4 9 6 | 7 3 1 
   9 7 6 | 3 2 1 | 5 8 4 
   ------+-------+------
   2 1 4 | 6 7 5 | 3 9 8 
   6 3 5 | 8 1 9 | 4 2 7 
   7 8 9 | 2 4 3 | 6 1 5 
   ------+-------+------
   3 2 1 | 7 6 4 | 8 5 9 
   4 6 8 | 9 5 2 | 1 7 3 
   5 9 7 | 1 3 8 | 2 4 6
2.209890604019165


   7 8 3 | 4 6 5 | 2 1 9 
   4 2 1 | 9 7 3 | 6 5 8 
   9 6 5 | 2 8 1 | 7 3 4 
   ------+-------+------
   3 4 7 | 1 2 8 | 5 9 6 
   1 9 8 | 5 4 6 | 3 2 7 
   6 5 2 | 3 9 7 | 4 8 1 
   ------+-------+------
   2 1 6 | 8 5 4 | 9 7 3 
   5 3 4 | 7 1 9 | 8 6 2 
   8 7 9 | 6 3 2 | 1 4 5
26.918800115585327


   2 1 9 | 6 7 5 | 8 4 3 
   8 6 5 | 4 3 9 | 7 2 1 
   7 4 3 | 2 8 1 | 5 9 6 
   ------+-------+------
   9 3 6 | 5 1 2 | 4 8 7 
   1 5 7 | 3 4 8 | 9 6 2 
   4 2 8 | 9 6 7 | 1 3 5 
   ------+-------+------
   3 8 2 | 7 5 4 | 6 1 9 
   6 7 1 | 8 9 3 | 2 5 4 
   5 9 4 | 1 2 6 | 3 7 8
18.401782035827637


   1 2 6 | 7 3 9 | 8 4 5 
   8 4 7 | 6 2 5 | 3 9 1 
   9 3 5 | 4 8 1 | 7 6 2 
   ------+-------+------
   2 1 3 | 8 6 4 | 5 7 9 
   6 5 4 | 9 7 3 | 2 1 8 
   7 9 8 | 5 1 2 | 4 3 6 
   ------+-------+------
   3 6 1 | 2 4 8 | 9 5 7 
   4 8 9 | 1 5 7 | 6 2 3 
   5 7 2 | 3 9 6 | 1 8 4
3.959751605987549


   2 7 3 | 6 8 1 | 4 9 5 
   8 9 1 | 7 5 4 | 2 6 3 
   5 4 6 | 3 9 2 | 1 7 8 
   ------+-------+------
   1 6 9 | 5 3 7 | 8 2 4 
   4 8 5 | 2 6 9 | 7 3 1 
   3 2 7 | 1 4 8 | 9 5 6 
   ------+-------+------
   7 3 4 | 9 1 6 | 5 8 2 
   9 5 8 | 4 2 3 | 6 1 7 
   6 1 2 | 8 7 5 | 3 4 9
2.1578617095947266


   6 5 4 | 3 1 2 | 8 7 9 
   9 1 3 | 8 7 6 | 4 5 2 
   8 2 7 | 4 9 5 | 1 3 6 
   ------+-------+------
   7 4 2 | 6 3 8 | 5 9 1 
   1 6 5 | 7 2 9 | 3 8 4 
   3 9 8 | 5 4 1 | 6 2 7 
   ------+-------+------
   2 8 6 | 1 5 7 | 9 4 3 
   4 7 1 | 9 8 3 | 2 6 5 
   5 3 9 | 2 6 4 | 7 1 8
100.39978170394897


   1 5 2 | 7 3 8 | 9 4 6 
   8 6 4 | 2 9 1 | 3 7 5 
   9 7 3 | 6 4 5 | 2 8 1 
   ------+-------+------
   2 1 6 | 3 5 7 | 4 9 8 
   3 4 8 | 9 1 2 | 5 6 7 
   5 9 7 | 4 8 6 | 1 2 3 
   ------+-------+------
   4 2 1 | 8 6 3 | 7 5 9 
   6 3 9 | 5 7 4 | 8 1 2 
   7 8 5 | 1 2 9 | 6 3 4
1.3738274574279785


   1 7 4 | 5 8 9 | 3 6 2 
   9 5 3 | 2 6 1 | 7 8 4 
   8 6 2 | 3 4 7 | 9 5 1 
   ------+-------+------
   2 1 9 | 6 7 3 | 8 4 5 
   3 8 7 | 4 1 5 | 2 9 6 
   5 4 6 | 9 2 8 | 1 7 3 
   ------+-------+------
   6 2 8 | 1 9 4 | 5 3 7 
   4 9 5 | 7 3 2 | 6 1 8 
   7 3 1 | 8 5 6 | 4 2 9
0.29488039016723633


   1 2 6 | 4 7 8 | 5 9 3 
   8 3 7 | 5 9 2 | 4 6 1 
   9 4 5 | 3 6 1 | 2 7 8 
   ------+-------+------
   4 1 2 | 9 3 7 | 8 5 6 
   5 6 9 | 1 8 4 | 7 3 2 
   7 8 3 | 2 5 6 | 9 1 4 
   ------+-------+------
   2 5 1 | 6 4 9 | 3 8 7 
   3 7 4 | 8 1 5 | 6 2 9 
   6 9 8 | 7 2 3 | 1 4 5
3.681339740753174


   9 6 4 | 8 1 5 | 2 3 7 
   2 5 8 | 6 3 7 | 1 4 9 
   3 1 7 | 9 2 4 | 6 5 8 
   ------+-------+------
   8 7 2 | 1 5 9 | 3 6 4 
   4 9 5 | 2 6 3 | 7 8 1 
   6 3 1 | 4 7 8 | 9 2 5 
   ------+-------+------
   7 8 3 | 5 9 6 | 4 1 2 
   5 2 9 | 3 4 1 | 8 7 6 
   1 4 6 | 7 8 2 | 5 9 3
2.4687747955322266


   4 7 6 | 5 2 9 | 1 8 3 
   8 9 5 | 1 7 3 | 6 2 4 
   3 2 1 | 8 6 4 | 7 9 5 
   ------+-------+------
   5 1 7 | 3 9 8 | 2 4 6 
   2 8 9 | 6 4 5 | 3 7 1 
   6 3 4 | 7 1 2 | 9 5 8 
   ------+-------+------
   7 5 2 | 4 3 1 | 8 6 9 
   1 6 8 | 9 5 7 | 4 3 2 
   9 4 3 | 2 8 6 | 5 1 7
1.704451322555542


   5 3 8 | 1 2 7 | 9 4 6 
   6 2 4 | 8 3 9 | 7 5 1 
   7 1 9 | 6 4 5 | 3 8 2 
   ------+-------+------
   9 6 5 | 3 1 4 | 8 2 7 
   3 8 1 | 7 6 2 | 5 9 4 
   2 4 7 | 5 9 8 | 1 6 3 
   ------+-------+------
   4 9 3 | 2 8 1 | 6 7 5 
   8 5 6 | 4 7 3 | 2 1 9 
   1 7 2 | 9 5 6 | 4 3 8
4.269364595413208


   1 2 4 | 5 9 7 | 8 6 3 
   9 3 7 | 6 4 8 | 2 1 5 
   8 5 6 | 2 3 1 | 7 4 9 
   ------+-------+------
   5 1 3 | 7 8 6 | 4 9 2 
   4 8 2 | 9 1 3 | 6 5 7 
   7 6 9 | 4 2 5 | 1 3 8 
   ------+-------+------
   6 9 8 | 3 7 4 | 5 2 1 
   3 4 1 | 8 5 2 | 9 7 6 
   2 7 5 | 1 6 9 | 3 8 4
4.942486763000488


   8 7 2 | 4 5 9 | 6 3 1 
   1 5 4 | 6 8 3 | 9 7 2 
   9 6 3 | 7 2 1 | 4 8 5 
   ------+-------+------
   2 1 6 | 8 3 4 | 7 5 9 
   5 4 9 | 2 1 7 | 3 6 8 
   7 3 8 | 5 9 6 | 1 2 4 
   ------+-------+------
   4 8 1 | 3 6 2 | 5 9 7 
   6 2 7 | 9 4 5 | 8 1 3 
   3 9 5 | 1 7 8 | 2 4 6
9.607612133026123


   9 4 7 | 3 2 6 | 5 8 1 
   8 5 2 | 4 9 1 | 6 7 3 
   1 3 6 | 5 8 7 | 9 4 2 
   ------+-------+------
   2 8 4 | 7 3 5 | 1 6 9 
   6 9 3 | 8 1 2 | 4 5 7 
   7 1 5 | 6 4 9 | 2 3 8 
   ------+-------+------
   5 7 9 | 1 6 8 | 3 2 4 
   3 2 8 | 9 5 4 | 7 1 6 
   4 6 1 | 2 7 3 | 8 9 5
0.18227791786193848


   2 1 5 | 8 7 6 | 9 4 3 
   6 7 8 | 3 9 4 | 2 1 5 
   3 4 9 | 1 2 5 | 8 7 6 
   ------+-------+------
   5 8 7 | 4 3 2 | 1 6 9 
   4 6 3 | 9 8 1 | 7 5 2 
   1 9 2 | 6 5 7 | 3 8 4 
   ------+-------+------
   8 2 6 | 7 4 3 | 5 9 1 
   7 3 4 | 5 1 9 | 6 2 8 
   9 5 1 | 2 6 8 | 4 3 7
17.25534152984619


   1 2 4 | 3 9 7 | 8 5 6 
   8 3 5 | 6 4 1 | 2 9 7 
   9 6 7 | 8 2 5 | 3 4 1 
   ------+-------+------
   2 4 1 | 5 3 8 | 7 6 9 
   5 8 3 | 7 6 9 | 4 1 2 
   6 7 9 | 4 1 2 | 5 3 8 
   ------+-------+------
   3 1 2 | 9 7 4 | 6 8 5 
   4 9 8 | 2 5 6 | 1 7 3 
   7 5 6 | 1 8 3 | 9 2 4
2.071509599685669


   1 2 5 | 9 7 6 | 3 4 8 
   3 6 9 | 4 2 8 | 5 1 7 
   7 8 4 | 3 5 1 | 9 2 6 
   ------+-------+------
   2 5 3 | 8 1 7 | 6 9 4 
   4 1 6 | 2 9 3 | 8 7 5 
   8 9 7 | 6 4 5 | 1 3 2 
   ------+-------+------
   9 7 8 | 5 3 2 | 4 6 1 
   6 3 1 | 7 8 4 | 2 5 9 
   5 4 2 | 1 6 9 | 7 8 3
13.342315435409546


   2 8 3 | 7 4 1 | 5 9 6 
   6 1 5 | 2 3 9 | 7 4 8 
   9 7 4 | 8 6 5 | 3 2 1 
   ------+-------+------
   3 9 7 | 1 2 6 | 8 5 4 
   8 6 1 | 4 5 3 | 9 7 2 
   4 5 2 | 9 7 8 | 6 1 3 
   ------+-------+------
   5 2 8 | 3 9 4 | 1 6 7 
   7 3 6 | 5 1 2 | 4 8 9 
   1 4 9 | 6 8 7 | 2 3 5
6.078168630599976


   9 5 7 | 6 3 8 | 4 2 1 
   1 4 6 | 7 2 9 | 3 8 5 
   8 3 2 | 5 4 1 | 6 7 9 
   ------+-------+------
   4 1 9 | 3 5 2 | 7 6 8 
   6 2 8 | 4 1 7 | 9 5 3 
   3 7 5 | 9 8 6 | 1 4 2 
   ------+-------+------
   7 9 1 | 2 6 5 | 8 3 4 
   5 8 3 | 1 7 4 | 2 9 6 
   2 6 4 | 8 9 3 | 5 1 7
2.6393795013427734


   1 2 7 | 3 6 5 | 4 8 9 
   8 5 3 | 4 9 1 | 2 7 6 
   9 6 4 | 2 7 8 | 3 5 1 
   ------+-------+------
   2 3 1 | 7 5 6 | 8 9 4 
   5 4 8 | 9 3 2 | 6 1 7 
   6 7 9 | 1 8 4 | 5 2 3 
   ------+-------+------
   3 1 2 | 5 4 7 | 9 6 8 
   4 8 5 | 6 1 9 | 7 3 2 
   7 9 6 | 8 2 3 | 1 4 5
0.7417676448822021


   3 4 5 | 6 7 1 | 2 9 8 
   9 8 7 | 2 5 3 | 1 4 6 
   6 2 1 | 9 8 4 | 5 7 3 
   ------+-------+------
   2 6 4 | 7 9 5 | 8 3 1 
   5 7 3 | 8 1 6 | 4 2 9 
   1 9 8 | 4 3 2 | 6 5 7 
   ------+-------+------
   8 3 6 | 5 2 9 | 7 1 4 
   7 1 2 | 3 4 8 | 9 6 5 
   4 5 9 | 1 6 7 | 3 8 2
12.340639591217041


   2 6 5 | 3 8 9 | 4 7 1 
   8 7 4 | 2 5 1 | 6 9 3 
   1 9 3 | 6 4 7 | 8 5 2 
   ------+-------+------
   3 2 7 | 8 9 4 | 1 6 5 
   9 4 6 | 1 2 5 | 3 8 7 
   5 1 8 | 7 6 3 | 2 4 9 
   ------+-------+------
   6 3 1 | 5 7 8 | 9 2 4 
   4 5 2 | 9 1 6 | 7 3 8 
   7 8 9 | 4 3 2 | 5 1 6
15.567436456680298


   8 4 2 | 3 5 9 | 1 6 7 
   5 7 3 | 1 8 6 | 9 4 2 
   6 1 9 | 2 7 4 | 5 3 8 
   ------+-------+------
   1 2 7 | 8 6 5 | 3 9 4 
   4 3 5 | 7 9 1 | 2 8 6 
   9 6 8 | 4 2 3 | 7 1 5 
   ------+-------+------
   7 8 1 | 9 4 2 | 6 5 3 
   3 5 4 | 6 1 7 | 8 2 9 
   2 9 6 | 5 3 8 | 4 7 1
46.885847330093384


   5 3 8 | 2 1 9 | 7 4 6 
   9 6 2 | 8 7 4 | 5 3 1 
   1 7 4 | 3 5 6 | 2 9 8 
   ------+-------+------
   2 8 3 | 4 9 7 | 6 1 5 
   7 4 1 | 5 6 8 | 3 2 9 
   6 9 5 | 1 2 3 | 8 7 4 
   ------+-------+------
   3 2 9 | 6 4 5 | 1 8 7 
   8 5 7 | 9 3 1 | 4 6 2 
   4 1 6 | 7 8 2 | 9 5 3
1.7564518451690674


   8 6 3 | 7 5 1 | 2 9 4 
   9 5 7 | 4 3 2 | 6 8 1 
   1 2 4 | 6 8 9 | 5 7 3 
   ------+-------+------
   5 3 2 | 9 7 6 | 1 4 8 
   6 1 9 | 8 4 3 | 7 2 5 
   7 4 8 | 1 2 5 | 9 3 6 
   ------+-------+------
   3 8 6 | 2 1 7 | 4 5 9 
   2 9 5 | 3 6 4 | 8 1 7 
   4 7 1 | 5 9 8 | 3 6 2
0.759321928024292


   9 8 6 | 3 2 4 | 1 5 7 
   1 2 4 | 7 5 9 | 3 6 8 
   5 3 7 | 8 6 1 | 4 2 9 
   ------+-------+------
   4 1 3 | 2 8 5 | 9 7 6 
   6 9 5 | 1 7 3 | 2 8 4 
   2 7 8 | 9 4 6 | 5 1 3 
   ------+-------+------
   3 4 2 | 6 1 7 | 8 9 5 
   8 6 9 | 5 3 2 | 7 4 1 
   7 5 1 | 4 9 8 | 6 3 2
23.862770795822144


   9 4 5 | 6 7 1 | 2 8 3 
   1 3 6 | 4 8 2 | 5 9 7 
   8 2 7 | 5 9 3 | 4 6 1 
   ------+-------+------
   6 1 4 | 8 3 7 | 9 5 2 
   7 9 8 | 1 2 5 | 3 4 6 
   2 5 3 | 9 6 4 | 1 7 8 
   ------+-------+------
   3 6 2 | 7 5 9 | 8 1 4 
   5 8 1 | 2 4 6 | 7 3 9 
   4 7 9 | 3 1 8 | 6 2 5
1.802262783050537


   7 2 4 | 3 6 9 | 8 5 1 
   6 5 1 | 2 4 8 | 7 9 3 
   8 9 3 | 7 1 5 | 6 4 2 
   ------+-------+------
   3 7 5 | 6 9 1 | 4 2 8 
   9 1 2 | 8 7 4 | 3 6 5 
   4 8 6 | 5 2 3 | 9 1 7 
   ------+-------+------
   2 3 8 | 4 5 6 | 1 7 9 
   1 4 7 | 9 8 2 | 5 3 6 
   5 6 9 | 1 3 7 | 2 8 4
18.967541694641113


   1 2 6 | 4 3 7 | 9 5 8 
   8 9 5 | 6 2 1 | 4 7 3 
   3 7 4 | 9 8 5 | 1 2 6 
   ------+-------+------
   4 5 7 | 1 9 3 | 8 6 2 
   9 8 3 | 2 4 6 | 5 1 7 
   6 1 2 | 5 7 8 | 3 9 4 
   ------+-------+------
   2 6 9 | 3 1 4 | 7 8 5 
   5 4 8 | 7 6 9 | 2 3 1 
   7 3 1 | 8 5 2 | 6 4 9
2.2843501567840576


   1 5 2 | 9 4 6 | 8 3 7 
   9 6 3 | 5 8 7 | 4 2 1 
   8 4 7 | 2 3 1 | 6 9 5 
   ------+-------+------
   5 7 4 | 8 6 3 | 9 1 2 
   2 8 9 | 4 1 5 | 7 6 3 
   6 3 1 | 7 2 9 | 5 4 8 
   ------+-------+------
   7 9 6 | 1 5 2 | 3 8 4 
   4 1 5 | 3 9 8 | 2 7 6 
   3 2 8 | 6 7 4 | 1 5 9
0.8233215808868408


   2 6 9 | 3 1 4 | 7 8 5 
   5 4 8 | 7 6 9 | 2 3 1 
   7 3 1 | 8 5 2 | 6 4 9 
   ------+-------+------
   1 2 6 | 4 3 7 | 9 5 8 
   8 9 5 | 6 2 1 | 4 7 3 
   3 7 4 | 9 8 5 | 1 2 6 
   ------+-------+------
   4 5 7 | 1 9 3 | 8 6 2 
   9 8 3 | 2 4 6 | 5 1 7 
   6 1 2 | 5 7 8 | 3 9 4
12.612537145614624


   1 5 2 | 6 7 8 | 9 4 3 
   8 6 4 | 3 9 1 | 7 5 2 
   9 7 3 | 2 4 5 | 6 8 1 
   ------+-------+------
   2 1 5 | 7 6 3 | 8 9 4 
   4 9 7 | 5 8 2 | 1 3 6 
   6 3 8 | 9 1 4 | 5 2 7 
   ------+-------+------
   3 2 1 | 8 5 6 | 4 7 9 
   5 4 9 | 1 2 7 | 3 6 8 
   7 8 6 | 4 3 9 | 2 1 5
3.703274726867676


   4 9 6 | 5 7 3 | 1 2 8 
   3 8 1 | 9 2 4 | 6 7 5 
   2 7 5 | 8 6 1 | 9 4 3 
   ------+-------+------
   1 5 3 | 7 8 9 | 4 6 2 
   9 6 2 | 4 3 5 | 7 8 1 
   8 4 7 | 2 1 6 | 5 3 9 
   ------+-------+------
   7 1 4 | 3 5 2 | 8 9 6 
   5 2 9 | 6 4 8 | 3 1 7 
   6 3 8 | 1 9 7 | 2 5 4
2.0264229774475098


   2 5 3 | 4 7 9 | 8 6 1 
   7 6 1 | 2 3 8 | 5 9 4 
   8 9 4 | 5 1 6 | 7 3 2 
   ------+-------+------
   3 2 6 | 7 9 1 | 4 5 8 
   9 1 5 | 8 2 4 | 3 7 6 
   4 8 7 | 6 5 3 | 2 1 9 
   ------+-------+------
   5 4 8 | 1 6 7 | 9 2 3 
   1 3 2 | 9 8 5 | 6 4 7 
   6 7 9 | 3 4 2 | 1 8 5
22.528231382369995


   9 6 3 | 7 4 1 | 2 5 8 
   1 5 2 | 3 9 8 | 6 7 4 
   8 7 4 | 2 6 5 | 3 9 1 
   ------+-------+------
   3 4 5 | 8 7 2 | 1 6 9 
   2 1 8 | 9 5 6 | 7 4 3 
   6 9 7 | 1 3 4 | 8 2 5 
   ------+-------+------
   7 2 1 | 4 8 9 | 5 3 6 
   5 8 9 | 6 2 3 | 4 1 7 
   4 3 6 | 5 1 7 | 9 8 2
1.177819013595581


   1 5 2 | 3 9 8 | 6 4 7 
   9 7 3 | 6 4 1 | 2 8 5 
   8 6 4 | 5 7 2 | 9 3 1 
   ------+-------+------
   5 9 8 | 7 1 4 | 3 6 2 
   2 4 7 | 9 3 6 | 1 5 8 
   3 1 6 | 2 8 5 | 7 9 4 
   ------+-------+------
   7 2 5 | 4 6 3 | 8 1 9 
   4 3 1 | 8 2 9 | 5 7 6 
   6 8 9 | 1 5 7 | 4 2 3
1.3606581687927246


   9 4 6 | 7 3 1 | 5 8 2 
   1 5 7 | 2 4 8 | 6 3 9 
   8 3 2 | 6 5 9 | 4 7 1 
   ------+-------+------
   7 1 9 | 4 2 3 | 8 6 5 
   5 8 4 | 9 7 6 | 1 2 3 
   6 2 3 | 8 1 5 | 9 4 7 
   ------+-------+------
   4 6 1 | 3 9 7 | 2 5 8 
   3 9 8 | 5 6 2 | 7 1 4 
   2 7 5 | 1 8 4 | 3 9 6
0.1783447265625


   9 3 2 | 4 7 5 | 8 6 1 
   6 1 7 | 9 2 8 | 5 3 4 
   8 4 5 | 6 1 3 | 2 7 9 
   ------+-------+------
   5 6 8 | 7 4 1 | 3 9 2 
   4 2 9 | 8 3 6 | 7 1 5 
   1 7 3 | 2 5 9 | 6 4 8 
   ------+-------+------
   3 5 6 | 1 9 2 | 4 8 7 
   2 9 4 | 3 8 7 | 1 5 6 
   7 8 1 | 5 6 4 | 9 2 3
16.57604455947876


   6 1 8 | 4 5 9 | 7 2 3 
   3 4 2 | 8 6 7 | 5 1 9 
   5 7 9 | 1 2 3 | 4 6 8 
   ------+-------+------
   2 9 6 | 5 3 4 | 1 8 7 
   7 8 4 | 2 9 1 | 6 3 5 
   1 5 3 | 7 8 6 | 2 9 4 
   ------+-------+------
   9 2 7 | 6 4 8 | 3 5 1 
   8 6 1 | 3 7 5 | 9 4 2 
   4 3 5 | 9 1 2 | 8 7 6
16.494017601013184


   9 5 7 | 2 6 1 | 3 8 4 
   8 4 6 | 5 3 7 | 9 2 1 
   1 2 3 | 4 8 9 | 5 6 7 
   ------+-------+------
   7 3 4 | 9 2 6 | 8 1 5 
   2 9 5 | 8 1 4 | 7 3 6 
   6 1 8 | 3 7 5 | 4 9 2 
   ------+-------+------
   5 7 2 | 1 9 8 | 6 4 3 
   4 8 1 | 6 5 3 | 2 7 9 
   3 6 9 | 7 4 2 | 1 5 8
1.5924487113952637


   1 3 2 | 7 4 9 | 6 8 5 
   8 5 7 | 3 6 1 | 9 2 4 
   9 6 4 | 2 8 5 | 3 7 1 
   ------+-------+------
   2 1 6 | 4 5 7 | 8 3 9 
   3 4 8 | 6 9 2 | 1 5 7 
   5 7 9 | 8 1 3 | 2 4 6 
   ------+-------+------
   4 2 1 | 5 3 6 | 7 9 8 
   6 8 3 | 9 7 4 | 5 1 2 
   7 9 5 | 1 2 8 | 4 6 3
0.6518359184265137


   7 4 6 | 5 1 3 | 8 9 2 
   1 3 2 | 8 6 9 | 7 5 4 
   5 9 8 | 7 4 2 | 3 1 6 
   ------+-------+------
   3 6 7 | 9 2 5 | 4 8 1 
   9 2 5 | 4 8 1 | 6 7 3 
   4 8 1 | 6 3 7 | 9 2 5 
   ------+-------+------
   6 7 9 | 1 5 4 | 2 3 8 
   2 5 4 | 3 7 8 | 1 6 9 
   8 1 3 | 2 9 6 | 5 4 7
3.758847236633301


   9 5 6 | 3 2 7 | 8 4 1 
   1 2 7 | 4 8 6 | 3 9 5 
   8 3 4 | 9 5 1 | 2 6 7 
   ------+-------+------
   5 4 8 | 7 3 9 | 6 1 2 
   2 7 1 | 8 6 4 | 5 3 9 
   3 6 9 | 2 1 5 | 4 7 8 
   ------+-------+------
   7 9 3 | 5 4 8 | 1 2 6 
   4 1 5 | 6 9 2 | 7 8 3 
   6 8 2 | 1 7 3 | 9 5 4
4.9442455768585205


   9 3 5 | 7 4 8 | 6 2 1 
   8 7 6 | 2 3 1 | 5 9 4 
   1 2 4 | 6 9 5 | 7 8 3 
   ------+-------+------
   5 1 2 | 4 6 9 | 3 7 8 
   6 4 3 | 8 7 2 | 9 1 5 
   7 8 9 | 1 5 3 | 4 6 2 
   ------+-------+------
   2 6 7 | 5 1 4 | 8 3 9 
   4 9 1 | 3 8 6 | 2 5 7 
   3 5 8 | 9 2 7 | 1 4 6
0.05584454536437988


   1 4 3 | 2 5 8 | 6 7 9 
   8 7 2 | 9 6 4 | 1 5 3 
   6 9 5 | 1 3 7 | 4 8 2 
   ------+-------+------
   9 8 6 | 5 4 1 | 3 2 7 
   4 5 1 | 3 7 2 | 9 6 8 
   2 3 7 | 8 9 6 | 5 1 4 
   ------+-------+------
   7 1 9 | 6 2 3 | 8 4 5 
   5 6 4 | 7 8 9 | 2 3 1 
   3 2 8 | 4 1 5 | 7 9 6
1.5763168334960938


   9 3 7 | 6 5 8 | 2 4 1 
   8 6 4 | 2 9 1 | 7 3 5 
   1 2 5 | 7 3 4 | 9 8 6 
   ------+-------+------
   5 8 3 | 4 1 9 | 6 2 7 
   6 4 9 | 3 7 2 | 5 1 8 
   7 1 2 | 5 8 6 | 4 9 3 
   ------+-------+------
   4 7 1 | 9 6 3 | 8 5 2 
   3 9 6 | 8 2 5 | 1 7 4 
   2 5 8 | 1 4 7 | 3 6 9
0.5289630889892578


   9 2 4 | 3 6 1 | 7 5 8 
   1 5 6 | 4 7 8 | 2 9 3 
   8 3 7 | 5 9 2 | 6 4 1 
   ------+-------+------
   6 1 3 | 2 4 7 | 9 8 5 
   7 4 9 | 1 8 5 | 3 2 6 
   5 8 2 | 9 3 6 | 1 7 4 
   ------+-------+------
   4 9 8 | 6 2 3 | 5 1 7 
   3 7 1 | 8 5 9 | 4 6 2 
   2 6 5 | 7 1 4 | 8 3 9
1.4914190769195557


   8 5 6 | 4 9 1 | 3 7 2 
   1 4 3 | 5 7 2 | 6 9 8 
   9 2 7 | 3 6 8 | 4 5 1 
   ------+-------+------
   2 7 8 | 6 4 5 | 1 3 9 
   5 1 4 | 9 2 3 | 7 8 6 
   6 3 9 | 8 1 7 | 2 4 5 
   ------+-------+------
   3 6 1 | 7 8 9 | 5 2 4 
   4 8 5 | 2 3 6 | 9 1 7 
   7 9 2 | 1 5 4 | 8 6 3
2.714138984680176


   6 5 9 | 4 1 2 | 3 7 8 
   2 3 8 | 6 7 9 | 4 5 1 
   7 4 1 | 3 8 5 | 2 9 6 
   ------+-------+------
   8 6 5 | 7 2 3 | 1 4 9 
   4 2 7 | 8 9 1 | 6 3 5 
   9 1 3 | 5 4 6 | 7 8 2 
   ------+-------+------
   3 9 6 | 1 5 7 | 8 2 4 
   5 7 4 | 2 6 8 | 9 1 3 
   1 8 2 | 9 3 4 | 5 6 7
1.1834723949432373


   3 5 4 | 1 8 6 | 9 2 7 
   2 9 8 | 7 4 3 | 6 1 5 
   1 6 7 | 9 5 2 | 4 8 3 
   ------+-------+------
   4 8 1 | 5 2 7 | 3 6 9 
   9 3 2 | 6 1 4 | 5 7 8 
   5 7 6 | 3 9 8 | 2 4 1 
   ------+-------+------
   7 2 9 | 8 6 5 | 1 3 4 
   8 4 5 | 2 3 1 | 7 9 6 
   6 1 3 | 4 7 9 | 8 5 2
5.854020833969116


1436.409250497818
